
  "type": "FeatureCollection",
  "features": [
    {
      "type": "Feature",
      "properties": {},
      "geometry": {
        "type": "Polygon",
        "coordinates": [
          [
            [
              -122.958984375,
              48.99463598353405
            ],
            [
              -117.1142578125,
              49.03786794532644
            ],
            [
              -117.0703125,
              46.01222384063236
            ],
            [
              -119.02587890624999,
              46.042735653846506
            ],
            [
              -119.13574218749999,
              45.9511496866914
            ],
            [
              -119.267578125,
              45.9511496866914
            ],
            [
              -119.66308593749999,
              45.85941212790755
            ],
            [
              -120.21240234375001,
              45.75219336063106
            ],
            [
              -120.43212890625,
              45.72152152227954
            ],
            [
              -120.73974609374999,
              45.72152152227954
            ],
            [
              -120.9814453125,
              45.67548217560647
            ],
            [
              -121.35498046875,
              45.67548217560647
            ],
            [
              -121.61865234375,
              45.67548217560647
            ],
            [
              -121.86035156249999,
              45.73685954736049
            ],
            [
              -122.08007812499999,
              45.62940492064501
            ],
            [
              -122.2119140625,
              45.583289756006316
            ],
            [
              -122.73925781250001,
              45.62940492064501
            ],
            [
              -122.958984375,
              46.057985244793024
            ],
            [
              -123.24462890625,
              46.2102496001872
            ],
            [
              -123.68408203124999,
              46.33175800051563
            ],
            [
              -123.90380859374999,
              46.33175800051563
            ],
            [
              -124.03564453125,
              46.55886030311719
            ],
            [
              -124.23339843749999,
              47.18971246448421
            ],
            [
              -124.29931640625,
              47.502358951968574
            ],
            [
              -124.4091796875,
              47.76886840424207
            ],
            [
              -124.60693359374999,
              47.916342040161155
            ],
            [
              -124.62890625,
              48.356249029540734
            ],
            [
              -123.96972656249999,
              48.19538740833338
            ],
            [
              -123.26660156249999,
              48.1367666796927
            ],
            [
              -122.958984375,
              48.1367666796927
            ],
            [
              -122.76123046875,
              48.25394114463431
            ],
            [
              -122.607421875,
              48.60385760823255
            ],
            [
              -122.6953125,
              48.936934954094035
            ],
            [
              -122.87109375,
              48.936934954094035
            ],
            [
              -122.958984375,
              48.99463598353405
            ]
          ]
        ]
      }
    }
  ]

